N <- 198
y <- c(
-1.846966,0.572110,0.588102,0.594980,-1.497586,-1.068166,-0.735725,
-0.825217,-0.526294,0.519327,0.473113,0.452733,0.425128,-0.454149,
0.522718,-0.500322,0.390825,-0.405003,-0.898631,0.413066,-0.731743,
0.533616,-0.479166,0.434705,0.448528,-0.413363,-0.443679,0.472456,
0.476382,-0.543783,0.536868,0.442512,0.431395,0.468858,0.457777,
0.494390,0.473386,0.469574,0.442147,0.438840,0.564427,0.468721,
-0.449023,-0.421052,-0.428677,-0.377995,0.505478,0.404543,0.467903,
-0.447359,0.428090,-0.402397,0.409702,0.423470,0.661087,0.513387,
-0.435847,-0.369576,-0.409734,0.487970,0.403641,0.561558,0.642410,
-0.439177,0.540932,0.422556,0.467816,0.465111,0.413658,0.419677,
0.481816,0.413500,0.499929,0.455391,-0.451825,0.585073,-0.472236,
0.460738,-0.441155,0.478642,-0.442084,0.471478,0.419609,-0.433871,
-0.463414,0.467777,0.503937,0.426978,0.488681,-0.444476,0.809464,
0.615587,-0.453912,0.434863,-0.464245,0.444164,0.449422,-0.558334,
0.495102,0.578227,-0.433871,0.759398,-0.527719,-0.457504,-0.406087,
0.429203,0.451071,0.480130,-0.491476,-0.510444,-0.424847,0.535134,
0.576707,-0.408473,-0.486687,-0.482388,0.493908,0.448752,-0.653589,
1.397201,-0.676043,0.592383,-0.639391,0.493019,0.679926,-0.507643,
-0.398519,-0.453653,-0.426470,-0.392168,0.463032,0.403076,0.562090,
-0.442710,0.703564,0.426089,0.463943,-0.436502,0.506179,-0.637090,
0.506747,0.693743,0.369080,-0.465020,-0.477277,0.616950,-0.551409,
-0.472439,0.444628,0.609732,0.503899,-0.450744,0.591875,-0.503504,
0.498474,0.397567,0.364513,0.372792,0.500888,-0.415935,0.542188,
-0.351212,-0.432101,0.477816,-0.505268,-0.388408,0.491912,-0.399049,
0.765879,-0.390305,0.437849,0.555454,-0.764472,-0.564831,0.605226,
-0.460231,-0.432431,-0.494046,-0.464482,-0.533283,-0.454223,-0.444026,
0.512969,0.419293,-0.481482,-0.413104,0.531610,0.605136,0.596128,
-0.515041,-0.405338,0.507899,-0.406667,0.621595,0.435974,0.449593,
0.558629,0.638610,0.507938,-0.534811,0.552505,0.505436,-0.548420,
0.477431,-0.417139,0.455135,1.204391,0.451468,-0.432474,-0.854043,
-0.531201,0.580743,-0.524432,-0.510812,-0.817398,0.598149,-0.582551,
-0.485979
)
C <- 3
cond <- c(
3,2,3,2,3,3,3,1,1,2,3,2,2,1,3,1,3,2,1,3,1,3,1,2,2,1,1,3,1,1,2,3,2,3,3,2,3,
3,3,3,2,2,1,1,1,1,3,2,3,1,3,2,2,1,3,3,1,1,1,2,3,3,2,1,3,3,2,3,2,2,3,2,3,3,
1,3,1,2,1,2,1,2,2,1,1,2,3,3,2,1,3,2,1,2,1,2,2,3,1,2,1,2,1,1,1,2,2,3,1,1,1,
3,2,3,3,3,2,2,3,3,3,2,1,2,2,1,1,1,1,1,3,3,1,1,2,2,2,1,2,3,2,2,3,1,1,3,1,3,
2,2,2,1,3,3,2,2,2,2,3,1,2,1,1,2,1,1,3,3,3,3,3,2,3,1,2,3,1,3,1,3,1,1,2,2,1,
1,3,3,2,1,1,3,3,2,2,3,3,2,3,1,2,2,1,3,3,1,2,2,1,3,1,2,3,3,2,1,3,2
)
