alpha <- 1
tau <- 0.001
delta <- c(0.3,.5,-2)
