alpha <- 0.2
tau <- 0.004
delta <- c(-2,0,1)
