alpha <- 2
tau <- 0.003
delta <- c(1,-1,0)
